                  mean           sd          2.5%           25%           50%           75%         97.5%
beta[1]  -1.523715e-01 3.170016e+01 -6.231456e+01 -2.191790e+01 -3.287807e-01  2.170699e+01  6.056022e+01
beta[2]  -6.447677e+00 2.024935e+00 -1.039778e+01 -7.798191e+00 -6.457737e+00 -5.055273e+00 -2.519919e+00
beta[3]   9.223700e-01 9.710367e-02  7.278888e-01  8.579005e-01  9.229721e-01  9.882377e-01  1.110458e+00
beta[4]  -2.425695e+00 6.350582e-01 -3.637850e+00 -2.873971e+00 -2.436970e+00 -1.998138e+00 -1.151912e+00
beta[5]   1.975944e+00 2.689277e-01  1.444910e+00  1.794928e+00  1.979304e+00  2.159000e+00  2.488688e+00
beta[6]   6.459124e-01 1.632132e-01  3.303217e-01  5.348886e-01  6.472570e-01  7.574136e-01  9.646427e-01
beta[7]  -3.726884e-01 2.028144e-01 -7.705809e-01 -5.102959e-01 -3.707150e-01 -2.355511e-01  2.188768e-02
beta[8]   1.931593e+00 6.332029e-01  6.987345e-01  1.507313e+00  1.932993e+00  2.358432e+00  3.208497e+00
beta[9]   3.123751e+00 3.774814e-01  2.378794e+00  2.863370e+00  3.127487e+00  3.379068e+00  3.865276e+00
beta[10]  3.120394e+00 3.937917e-01  2.355662e+00  2.851940e+00  3.121443e+00  3.387193e+00  3.904108e+00
beta[11]  3.124283e+00 4.501795e-01  2.257144e+00  2.819836e+00  3.123518e+00  3.427374e+00  3.996089e+00
beta[12] remove -1.894667e-01 1.972332e+00 -4.032824e+00 -1.508690e+00 -2.006084e-01  1.105676e+00  3.691932e+00  RHI525214	Native Hawaiian and Other Pacific Islander alone, percent, 2014
beta[13]  4.695682e+00 4.890272e-01  3.705739e+00  4.378077e+00  4.697196e+00  5.031337e+00  5.630975e+00
beta[14]  1.797690e+00 4.947750e-01  8.321921e-01  1.463704e+00  1.805253e+00  2.130936e+00  2.769258e+00
beta[15]  2.250186e+00 5.287653e-01  1.212005e+00  1.897597e+00  2.262202e+00  2.605949e+00  3.280206e+00
beta[16] -9.281681e-01 1.062729e-01 -1.139237e+00 -1.000396e+00 -9.285354e-01 -8.567903e-01 -7.201002e-01
beta[17]  8.081908e-01 1.469942e-01  5.171339e-01  7.098844e-01  8.082269e-01  9.072362e-01  1.095236e+00
beta[18] -8.177650e-01 1.037306e-01 -1.018444e+00 -8.871272e-01 -8.181000e-01 -7.484617e-01 -6.106906e-01
beta[19] -1.091363e+00 1.060593e-01 -1.298726e+00 -1.163970e+00 -1.090928e+00 -1.020669e+00 -8.790271e-01
beta[20] -5.411534e-01 8.178729e-02 -6.971712e-01 -5.965978e-01 -5.417740e-01 -4.867341e-01 -3.807378e-01
beta[21]  4.886671e+00 1.913918e+00  1.211307e+00  3.573413e+00  4.898612e+00  6.182901e+00  8.649467e+00
beta[22] -3.400210e-01 8.836740e-02 -5.177546e-01 -3.983656e-01 -3.395387e-01 -2.796279e-01 -1.702889e-01
beta[23] remove -1.864997e+00 3.119210e+01 -6.296729e+01 -2.274194e+01 -1.486503e+00  1.885013e+01  5.854680e+01  HSG445213	Homeownership rate, 2009-2013
beta[24] -7.373758e-01 6.811424e-02 -8.691041e-01 -7.844787e-01 -7.387369e-01 -6.913963e-01 -6.021884e-01
beta[25] -1.671226e+01 1.392724e+00 -1.940257e+01 -1.766121e+01 -1.672068e+01 -1.577043e+01 -1.398250e+01
beta[26]  1.484158e+01 2.457324e+00  1.004956e+01  1.316395e+01  1.485348e+01  1.651577e+01  1.965807e+01
beta[27]  1.690506e-01 7.765649e-02  1.619676e-02  1.176405e-01  1.685368e-01  2.208917e-01  3.211962e-01
beta[28] -6.691335e-01 1.150550e-01 -8.929245e-01 -7.476252e-01 -6.693497e-01 -5.937601e-01 -4.417267e-01
beta[29]  2.173243e-04 1.149629e-04 -4.294445e-06  1.376944e-04  2.173479e-04  2.959934e-04  4.432016e-04
beta[30]  remove 4.559531e-03 5.489355e-02 -1.001298e-01 -3.309503e-02  3.680070e-03  4.182874e-02  1.135349e-01  BZA115213	Private nonfarm employment, percent change, 2012-2013
beta[31] -1.711656e-01 6.597060e-02 -2.983871e-01 -2.165538e-01 -1.722043e-01 -1.261286e-01 -4.254749e-02
beta[32]  2.412509e-01 1.131276e-01  1.969057e-02  1.669816e-01  2.411247e-01  3.156488e-01  4.676533e-01
beta[33]  4.996661e-01 2.723204e-01 -3.090055e-02  3.164980e-01  4.973780e-01  6.811101e-01  1.051395e+00
beta[34] remove -5.622346e-01 2.243675e+00 -5.003460e+00 -2.057088e+00 -6.001039e-01  9.395556e-01  3.955184e+00  SBO515207	Native Hawaiian- and Other Pacific Islander-owned firms, percent, 2007
beta[35] -4.422154e-01 7.338029e-02 -5.839396e-01 -4.924999e-01 -4.426064e-01 -3.928080e-01 -3.002514e-01
beta[36] -8.064132e-02 3.126828e-02 -1.426212e-01 -1.017196e-01 -8.079974e-02 -5.887577e-02 -1.878480e-02
beta[37] -5.722042e-02 1.119117e-02 -7.932889e-02 -6.458682e-02 -5.736119e-02 -4.966251e-02 -3.551352e-02
beta[38]  3.861391e-02 1.063796e-02  1.795195e-02  3.132258e-02  3.872988e-02  4.592218e-02  5.989988e-02
beta[39]  9.645802e+00 6.901607e+00 -3.928598e+00  4.988857e+00  9.668628e+00  1.419468e+01  2.330324e+01  
beta[40] -5.957605e-04 6.483798e-04 -1.877187e-03 -1.010150e-03 -5.931537e-04 -1.613600e-04  6.582996e-04
deviance  2.129248e+04 9.116888e+00  2.127657e+04  2.128607e+04  2.129183e+04  2.129791e+04  2.131261e+04
tau       3.843993e-03 1.091299e-04  3.633771e-03  3.769382e-03  3.844220e-03  3.917664e-03  4.062188e-03
